air_min	air_max	ground_min	ground_max	observer
7	10	10.32	12.79	1
5.2	20.6	5.5	12.8	4
12.4	14.3	8.3	12.8	1
6.5	16.5	9.5	11	1
3.6	21.1	8.3	10.7	1
9	23.1	10.32	12.79	4
2.3	18.8	7.2	9.6	1
5.2	21.9	7.2	9.9	1
12.4	20.5	8.5	10.5	4
8.9	23.1	10.6	12.79	1
5.2	23.3	8.7	11.6	1
2.7	20.1	8.5	16.4	1
3.1	21	8.8	11	1
10.8	21.3	7.1	9.2	3
5.5	23.1	10.32	12.79	2
3.1	21	8.8	11	3
5.5	23.1	10.32	12.79	2
16.7	23.1	11.8	12.79	3
3.7	22.1	8.6	14.8	3
2.1	19.9	8	9.5	1
1.3	29.7	7.3	13.5	3
1.8	26.3	7.4	10.6	4
3.2	25.2	7.4	10.6	1
6.1	21.1	8.4	9.5	3
2.8	31.1	8.3	9.9	1
6.5	22.9	8.3	16.4	4
1.1	22.9	8.2	10.7	4
5.5	23.1	10.32	12.79	3
3.5	24.2	8.5	10.7	1
4.4	26.2	8.3	11	3
4.4	30.8	7.6	9.6	4
4.4	30.8	9.1	11.3	2
-1	23.6	8.8	10.8	2
-3.2	26.7	8.3	10.6	1
-4.2	32.3	8.2	11	3
-4	26.2	8	11.3	1
6	26.9	9.8	11.8	1
4.2	23.7	9.8	11.8	4
4	27	9.8	11.9	4
7	27.2	9.8	12.5	4
4.3	32.2	10.9	12.6	1
7.7	30.5	10.8	12.9	3
5.1	20.2	10.8	12.9	3
8.2	20	11.3	12.9	2
4.2	11.8	10.5	11.6	4
2.5	16	10	11.6	3
2	15.3	9.1	11.2	2
4.9	22.8	9.1	11.1	3
3	25.9	10.3	12.4	3
3	25.9	10.3	12.4	1
7.1	13.7	10.4	11	1
9	15	10	11.2	4
-0.7	22.5	10.1	14	4
2.2	21.6	9.2	10.8	4
13.2	21.4	8.7	11.3	3
0.6	20.6	10.4	11.6	3
6.9	23.1	10.4	11.6	1
1.4	23.2	10.4	12.4	3
1.4	23.3	10.4	12.4	3
5.5	23.1	10.32	12.79	2
2.2	27.8	11.5	13.1	1
10.8	28	11.7	13.7	2
9.3	26.1	13.1	14.8	2
5.5	23.1	10.32	12.79	1
5.5	23.1	10.32	12.79	1
18	25	15.3	16.6	3
10.3	20	15.6	16.1	1
5.5	23.1	10.32	12.79	4
15	22.1	14.6	16	2
11.5	20	14.6	16.1	1
5.5	23.1	10.32	12.79	3
5.1	14.8	15.4	16.4	1
3.9	14.9	15.6	16.6	1
3.9	14.9	15.6	16.6	2
5.5	23.1	10.32	12.79	4
5.3	28	16.3	16.8	4
5.6	29.8	16.2	16.9	1
6.4	28.7	16	16.8	4
9.1	27.3	10.32	12.79	4
11.1	27.3	10.32	12.79	2
6.2	25	10.32	12.79	3
6	24	10.32	12.79	1
7.1	20	10.32	12.79	4
7.3	16	13.1	22.7	3
8.5	29.6	12.9	16.4	1
7.4	35	12.9	16.4	2
7.8	27.6	12.8	16.4	4
5.5	23.1	10.32	12.79	2
5.5	23.1	10.32	12.79	2
5.5	23.1	10.32	12.79	4
5.5	23.1	10.32	12.79	2
5.5	23.1	10.32	12.79	3
5.5	23.1	10.32	12.79	3

3	25.9	10.3	12.4
7.1	13.7	10.4	11
9	15	10	11.2
-0.7	22.5	10.1	14
2.2	21.6	9.2	10.8
13.2	21.4	8.7	11.3
0.6	20.6	10.4	11.6
6.9	23.1	10.4	11.6
1.4	23.2	10.4	12.4
1.4	23.3	10.4	12.4
5.5	23.1	10.32	12.79
2.2	27.8	11.5	13.1
10.8	28	11.7	13.7
9.3	26.1	13.1	14.8
5.5	23.1	10.32	12.79
5.5	23.1	10.32	12.79
18	25	15.3	16.6
10.3	20	15.6	16.1
5.5	23.1	10.32	12.79
15	22.1	14.6	16
11.5	20	14.6	16.1
5.5	23.1	10.32	12.79
5.1	14.8	15.4	16.4
3.9	14.9	15.6	16.6
3.9	14.9	15.6	16.6
5.5	23.1	10.32	12.79
5.3	28	16.3	16.8
5.6	29.8	16.2	16.9
6.4	28.7	16	16.8
9.1	27.3	10.32	12.79
11.1	27.3	10.32	12.79
6.2	25	10.32	12.79
6	24	10.32	12.79
7.1	20	10.32	12.79
7.3	16	13.1	22.7
8.5	29.6	12.9	16.4
7.4	35	12.9	16.4
7.8	27.6	12.8	16.4
5.5	23.1	10.32	12.79
5.5	23.1	10.32	12.79
5.5	23.1	10.32	12.79
5.5	23.1	10.32	12.79
5.5	23.1	10.32	12.79
5.5	23.1	10.32	12.79
